place(3.099, 1.000, -3.180, "Assassin", 700)
place(2.946, 1.000, 2.987, "Assassin", 518)
place(-2.801, 1.000, -3.181, "Assassin", 440)
place(-2.954, 1.000, -2.994, "Assassin", 453)
place(-2.781, 1.000, 2.822, "Assassin", 681)
place(8.439, 5.100, -10.194, "Sniper", 490)
place(11.357, 5.100, -8.642, "Sniper", 560)
upgrade(3.099, 2.350, -3.180, 684)
upgrade(3.099, 2.350, -3.180, 1449)
place(11.177, 5.100, -11.782, "Sniper", 525)
upgrade(-2.781, 2.350, 2.822, 844)
place(5.189, 1.000, 5.038, "Pyromancer", 1951)
upgrade(8.439, 6.450, -10.194, 646)
upgrade(8.439, 6.450, -10.194, 421)
upgrade(11.177, 6.450, -11.782, 421)
upgrade(-2.781, 2.350, 2.822, 1152)
upgrade(5.189, 2.350, 5.038, 1075)
upgrade(2.946, 2.350, 2.987, 1686)
upgrade(-2.954, 2.350, -2.994, 1017)
place(8.568, 1.000, 5.217, "Pyromancer", 1779)
upgrade(8.568, 2.350, 5.217, 537)
place(13.924, 5.100, -10.468, "Sniper", 1843)
upgrade(13.924, 6.450, -10.468, 1393)
upgrade(5.189, 2.350, 5.038, 2234)
upgrade(8.439, 6.450, -10.194, 2668)
upgrade(11.357, 6.450, -8.642, 1932)
upgrade(11.357, 6.450, -8.642, 1707)
upgrade(11.177, 6.450, -11.782, 1094)
place(5.758, 1.000, -2.931, "Freezer", 811)
upgrade(5.758, 2.350, -2.931, 1324)
upgrade(5.758, 2.350, -2.931, 987)
upgrade(8.568, 2.350, 5.217, 1691)
upgrade(13.924, 6.450, -10.468, 780)
upgrade(-2.954, 2.350, -2.994, 1625)
place(4.885, 1.000, 8.189, "Pyromancer", 3001)
upgrade(4.885, 2.350, 8.189, 1651)
upgrade(4.885, 2.350, 8.189, 1702)
upgrade(2.946, 2.350, 2.987, 1990)
place(8.176, 1.000, 8.298, "Freezer", 865)
upgrade(8.176, 2.350, 8.298, 468)
upgrade(8.176, 2.350, 8.298, 2231)
place(3.721, 1.000, -6.038, "Pyromancer", 1904)
upgrade(3.721, 2.350, -6.038, 554)
place(8.568, 5.100, -13.874, "Sniper", 2067)
upgrade(8.568, 6.450, -13.874, 1617)
upgrade(8.568, 6.450, -13.874, 1392)
upgrade(3.721, 2.350, -6.038, 3842)
