place(24.680, 1.000, 3.664, "Farm", 412)
upgrade(24.680, 2.075, 3.664, 337)
place(24.858, 1.000, 7.290, "Farm", 412)
place(5.193, 1.000, 9.223, "Ace Pilot", 750)
upgrade(24.858, 2.075, 7.290, 337)
place(24.810, 1.000, 10.823, "Farm", 412)
upgrade(24.810, 2.075, 10.823, 337)
place(24.799, 1.000, 14.493, "Farm", 412)
upgrade(24.799, 2.075, 14.493, 337)
place(24.695, 1.000, 18.254, "Farm", 412)
upgrade(24.695, 2.075, 18.254, 337)
place(27.899, 1.000, 2.200, "Farm", 412)
upgrade(27.899, 2.075, 2.200, 337)
place(28.121, 1.000, 5.789, "Farm", 412)
upgrade(28.121, 2.075, 5.789, 337)
place(2.871, 1.000, 2.672, "Pyromancer", 1350)
upgrade(2.871, 2.350, 2.672, 487)
SetTarget(2.871, 2.350, 2.672, "Random")
SetTarget(2.871, 2.350, 2.672, "Farthest")
upgrade(2.871, 2.350, 2.672, 1372)
place(28.094, 1.000, 9.435, "Farm", 412)
upgrade(28.094, 2.075, 9.435, 337)
place(28.246, 1.000, 12.988, "Farm", 412)
upgrade(28.246, 2.075, 12.988, 337)
place(27.982, 1.000, 16.551, "Farm", 412)
upgrade(27.982, 2.075, 16.551, 337)
place(31.580, 1.000, 2.557, "Farm", 412)
upgrade(31.580, 2.075, 2.557, 337)
place(31.986, 1.000, 6.300, "Farm", 412)
upgrade(31.986, 2.075, 6.300, 337)
place(32.125, 1.000, 9.859, "Farm", 412)
upgrade(5.193, 1.000, 9.223, 337)
upgrade(5.193, 1.000, 9.223, 937)
SetTarget(5.193, 1.000, 9.223, "Random")
SetTarget(5.193, 1.000, 9.223, "Farthest")
SetTarget(5.193, 1.000, 9.223, "Closest")
SetTarget(5.193, 1.000, 9.223, "Weakest")
SetTarget(5.193, 1.000, 9.223, "Strongest")
upgrade(27.982, 2.075, 16.551, 750)
upgrade(24.695, 2.075, 18.254, 750)
upgrade(24.799, 2.075, 14.493, 750)
upgrade(28.246, 2.075, 12.988, 750)
upgrade(24.810, 2.075, 10.823, 750)
upgrade(28.094, 2.075, 9.435, 750)
upgrade(28.121, 2.075, 5.789, 750)
upgrade(24.858, 2.075, 7.290, 750)
upgrade(24.680, 2.075, 3.664, 750)
upgrade(27.899, 2.075, 2.200, 750)
upgrade(31.986, 2.075, 6.300, 750)
upgrade(31.580, 2.075, 2.557, 750)
upgrade(5.193, 1.000, 9.223, 2250)
place(6.628, 1.000, 6.263, "Ace Pilot", 750)
upgrade(6.627, 1.000, 6.264, 337)
SetTarget(5.193, 1.000, 9.223, "Last")
SetTarget(5.193, 1.000, 9.223, "Strongest")
SetTarget(5.193, 1.000, 9.223, "Weakest")
SetTarget(5.193, 1.000, 9.223, "Closest")
SetTarget(5.193, 1.000, 9.223, "Farthest")
SetTarget(5.193, 1.000, 9.223, "Random")
SetTarget(5.193, 1.000, 9.223, "First")
upgrade(24.695, 2.075, 18.254, 1575)
upgrade(27.982, 2.075, 16.551, 1575)
upgrade(28.246, 2.075, 12.988, 1575)
upgrade(6.627, 1.000, 6.264, 937)
upgrade(6.627, 1.000, 6.264, 2250)
upgrade(5.193, 1.000, 9.223, 3750)
upgrade(6.627, 1.000, 6.264, 3750)
place(3.520, 1.000, 5.693, "Commander", 975)
upgrade(3.520, 2.700, 5.693, 600)
place(11.443, 1.000, 14.584, "Electroshocker", 562)
upgrade(11.443, 2.350, 14.584, 300)
upgrade(11.443, 2.350, 14.584, 900)
upgrade(11.443, 2.350, 14.584, 3750)
place(11.300, 1.000, 11.521, "Electroshocker", 562)
upgrade(11.300, 2.350, 11.521, 300)
upgrade(11.300, 2.350, 11.521, 1050)
upgrade(11.300, 2.350, 11.521, 3750)
place(11.297, 1.000, 8.492, "Electroshocker", 562)
upgrade(11.297, 2.350, 8.492, 300)
upgrade(11.297, 2.350, 8.492, 1050)
upgrade(11.297, 2.350, 8.492, 3750)
place(8.332, 1.000, 9.076, "Ace Pilot", 750)
upgrade(8.332, 1.000, 9.076, 337)
upgrade(8.332, 1.000, 9.076, 937)
upgrade(8.332, 1.000, 9.076, 2250)
upgrade(8.332, 1.000, 9.076, 3750)
place(9.614, 1.000, 5.962, "Ace Pilot", 750)
upgrade(9.614, 1.000, 5.962, 337)
upgrade(9.614, 1.000, 5.962, 937)
upgrade(9.614, 1.000, 5.962, 2250)
upgrade(9.614, 1.000, 5.962, 3750)
place(6.189, 1.000, 12.096, "Ace Pilot", 750)
upgrade(6.188, 1.000, 12.096, 337)
upgrade(6.188, 1.000, 12.096, 937)
upgrade(6.188, 1.000, 12.096, 2250)
upgrade(6.188, 1.000, 12.096, 3750)
place(8.257, 1.000, 14.770, "Ace Pilot", 750)
upgrade(8.257, 1.000, 14.770, 337)
upgrade(8.257, 1.000, 14.770, 937)
upgrade(8.257, 1.000, 14.770, 2250)
upgrade(8.257, 1.000, 14.770, 3750)
place(5.618, 1.000, 16.395, "Ace Pilot", 750)
upgrade(5.618, 1.000, 16.396, 337)
upgrade(5.618, 1.000, 16.396, 937)
upgrade(5.618, 1.000, 16.396, 2250)
upgrade(5.618, 1.000, 16.396, 3750)
place(12.731, 1.000, 5.700, "Ace Pilot", 750)
upgrade(12.731, 1.000, 5.700, 337)
upgrade(12.731, 1.000, 5.700, 937)
upgrade(12.731, 1.000, 5.700, 2250)
upgrade(12.731, 1.000, 5.700, 3750)
place(2.804, 1.000, -28.350, "Electroshocker", 562)
place(2.850, 1.000, -17.251, "Electroshocker", 562)
place(3.578, 1.000, -6.166, "Electroshocker", 562)
place(-3.269, 1.000, 3.391, "Electroshocker", 562)
place(2.993, 1.000, 20.155, "Electroshocker", 562)
place(11.060, 1.000, 20.334, "Electroshocker", 562)
place(19.386, 1.000, 11.925, "Electroshocker", 562)
place(19.083, 1.000, 3.173, "Electroshocker", 562)
upgrade(3.520, 2.700, 5.693, 3675)
CommanderAbility(3.520, 2.700, 5.693, 16918)
place(6.413, 1.000, 2.634, "Commander", 975)
upgrade(6.413, 2.700, 2.634, 600)
upgrade(6.413, 2.700, 2.634, 3675)
place(9.793, 1.000, 2.788, "Commander", 975)
upgrade(9.793, 2.700, 2.788, 600)
upgrade(9.793, 2.700, 2.788, 3675)
CommanderAbility(6.413, 2.700, 2.634, 7168)
CommanderAbility(9.793, 2.700, 2.788, 16600)
upgrade(5.618, 1.000, 16.396, 14750)
CommanderAbility(3.520, 2.700, 5.693, 7050)
CommanderAbility(6.413, 2.700, 2.634, 17887)
upgrade(8.257, 1.000, 14.770, 14750)
CommanderAbility(9.793, 2.700, 2.788, 7007)
upgrade(6.188, 1.000, 12.096, 14750)
CommanderAbility(3.520, 2.700, 5.693, 3526)
CommanderAbility(6.413, 2.700, 2.634, 5572)
upgrade(5.193, 1.000, 9.223, 14750)
CommanderAbility(9.793, 2.700, 2.788, 3192)
CommanderAbility(3.520, 2.700, 5.693, 13192)
upgrade(8.332, 1.000, 9.076, 14750)
CommanderAbility(6.413, 2.700, 2.634, 5892)
CommanderAbility(6.413, 2.700, 2.634, 13892)
upgrade(9.614, 1.000, 5.962, 14750)
CommanderAbility(3.520, 2.700, 5.693, 11042)
upgrade(6.627, 1.000, 6.264, 14750)
CommanderAbility(9.793, 2.700, 2.788, 1796)
CommanderAbility(6.413, 2.700, 2.634, 9796)
CommanderAbility(6.413, 2.700, 2.634, 9801)
CommanderAbility(6.413, 2.700, 2.634, 16396)
upgrade(12.731, 1.000, 5.700, 14750)
CommanderAbility(3.520, 2.700, 5.693, 2176)
CommanderAbility(9.793, 2.700, 2.788, 8186)
upgrade(11.300, 2.350, 11.521, 9525)
CommanderAbility(6.413, 2.700, 2.634, 3681)
CommanderAbility(3.520, 2.700, 5.693, 3681)
CommanderAbility(9.793, 2.700, 2.788, 4936)
upgrade(11.443, 2.350, 14.584, 9525)
CommanderAbility(6.413, 2.700, 2.634, 6919)
upgrade(11.297, 2.350, 8.492, 9525)
CommanderAbility(3.520, 2.700, 5.693, 6342)
CommanderAbility(9.793, 2.700, 2.788, 19262)
upgrade(11.300, 2.350, 11.521, 25402)
CommanderAbility(6.413, 2.700, 2.634, 9568)
CommanderAbility(6.413, 2.700, 2.634, 10931)
CommanderAbility(3.520, 2.700, 5.693, 58315)
upgrade(11.443, 2.350, 14.584, 25402)
upgrade(11.297, 2.350, 8.492, 25402)
